COST CENTRE: 2003
	31013	1383064.00
	33023	112612.00
	35703	84459.00
	36516	3748.00
	36806	1389.00
	37106	15004.00
	37706	76616.00
	38006	26460.00
	38306	228389.00
	38843	10710.00
COST CENTRE TOTALS: 1942451


COST CENTRE: 2004
	30053	1800666.00
	31013	668006.00
	33023	204349.00
	35703	153262.00
	36516	5622.00
	36806	2116.00
	37106	26760.00
	37706	80165.00
	38006	40320.00
	38306	433640.00
	38843	12600.00
COST CENTRE TOTALS: 3427506


COST CENTRE: 2007
	31013	1533178.00
	31203	140075.00
	31206	108000.00
	31208	25000.00
	33023	142066.00
	35703	83888.00
	36516	11191.00
	36806	3310.00
	37106	19333.00
	37706	138722.00
	38006	83160.00
	38306	320535.00
COST CENTRE TOTALS: 2608458


COST CENTRE: 2012
	31013	3081738.00
	33023	271343.00
	35703	148892.00
	36516	24304.00
	36806	6808.00
	37106	39058.00
	37706	523026.00
	38006	180180.00
	38306	699409.00
COST CENTRE TOTALS: 4974758


COST CENTRE: 2015
	31013	14932106.00
	31206	69523879.00
	32013	208621.00
	33023	1294122.00
	35413	12000000.00
	35703	636335.00
	36516	113792.00
	36518	3748.00
	36806	32477.00
	36808	924.00
	37106	177620.00
	37108	4946.00
	37706	2139577.00
	37708	99275.00
	38006	845460.00
	38008	27720.00
	38306	3039340.00
	38308	88104.00
	39310	8791765.00
	39312	32754804.00
COST CENTRE TOTALS: 146714615


COST CENTRE: 2018
	31013	166709.00
	33023	15355.00
	36516	1874.00
	36806	435.00
	37106	2632.00
	37706	22378.00
	38006	13860.00
	38306	55927.00
COST CENTRE TOTALS: 279170


COST CENTRE: 2025
	31013	1971015.00
	33023	170458.00
	35703	127844.00
	36516	13117.00
	36806	4266.00
	37106	23565.00
	37706	293320.00
	38006	97020.00
	38306	408064.00
COST CENTRE TOTALS: 3108669


COST CENTRE: 2070
	31013	1622534.00
	33023	140701.00
	35703	66535.00
	36516	9369.00
	36806	3333.00
	37106	19059.00
	37706	213893.00
	38006	69300.00
	38306	340512.00
COST CENTRE TOTALS: 2485236


COST CENTRE: 2075
	31013	2085745.00
	33023	182123.00
	35703	39623.00
	36516	14867.00
	36806	4414.00
	37106	25330.00
	37706	336084.00
	38006	110880.00
	38306	460810.00
	38843	3528.00
COST CENTRE TOTALS: 3263404


COST CENTRE: 2105
	31013	506860.00
	33023	42238.00
	35703	31679.00
	36516	1874.00
	36806	705.00
	37106	5762.00
	37706	51929.00
	38006	13860.00
	38306	85663.00
	38843	3528.00
COST CENTRE TOTALS: 744098


COST CENTRE: 2120
	31013	2159881.00
	32013	160175.00
	33023	207980.00
	35703	41487.00
	36516	25883.00
	36806	5815.00
	37106	29151.00
	37706	425338.00
	38006	194040.00
	38306	568908.00
COST CENTRE TOTALS: 3818658


COST CENTRE: 2130
	31013	3431507.00
	33023	299205.00
	35703	164576.00
	36516	29982.00
	36806	8337.00
	37106	42161.00
	37706	607030.00
	38006	221760.00
	38306	747176.00
COST CENTRE TOTALS: 5551734


COST CENTRE: 2160
	31013	468922.00
	33023	37562.00
	35703	28171.00
	36516	3748.00
	36806	1158.00
	37106	5583.00
	37706	79796.00
	38006	27720.00
	38306	76179.00
COST CENTRE TOTALS: 728839


COST CENTRE: 2165
	31013	214200.00
	32013	405191.00
	33023	51616.00
	35703	38712.00
	36516	3748.00
	36518	3748.00
	36806	875.00
	36808	831.00
	37106	4553.00
	37108	4637.00
	37706	81299.00
	37708	111888.00
	38006	27720.00
	38008	27720.00
	38306	58470.00
	38308	46212.00
COST CENTRE TOTALS: 1081420


COST CENTRE: 2175
	30053	572494.00
	31013	1379802.00
	31206	263331.00
	33023	194362.00
	35703	79137.00
	36516	13117.00
	36806	4247.00
	37106	25181.00
	37706	188504.00
	38006	97020.00
	38306	497915.00
	38847	3528.00
COST CENTRE TOTALS: 3318638


COST CENTRE: 2180
	31013	1069032.00
	31206	1400000.00
	33023	88201.00
	35703	53768.00
	36516	5622.00
	36806	1656.00
	37106	12149.00
	37706	120502.00
	38006	41580.00
	38306	203183.00
COST CENTRE TOTALS: 2995693


COST CENTRE: 2181
	30053	6.00
	31013	3650751.00
	32013	541850.00
	33023	359245.00
	35703	163142.00
	36513	1874.00
	36516	24360.00
	36518	1563.00
	36803	705.00
	36806	8435.00
	36808	316.00
	37103	3880.00
	37106	45801.00
	37108	1555.00
	37703	48418.00
	37706	423138.00
	37708	22378.00
	38003	13860.00
	38006	180180.00
	38008	13860.00
	38303	55056.00
	38306	774723.00
	38308	15741.00
	38843	7056.00
COST CENTRE TOTALS: 6357893


COST CENTRE: 2190
	31013	4405070.00
	32013	86114.00
	33023	389988.00
	35703	150843.00
	36516	26234.00
	36518	1635.00
	36806	8749.00
	36808	303.00
	37106	52457.00
	37108	1630.00
	37706	604834.00
	37708	40849.00
	38006	194040.00
	38008	13860.00
	38306	947764.00
	38308	21116.00
	38841	4095.00
	38843	10584.00
COST CENTRE TOTALS: 6960165


COST CENTRE: 2200
	31013	19788825.00
	31203	199120.00
	32013	621719.00
	33023	1817773.00
	35703	708592.00
	36516	159135.00
	36518	1826.00
	36806	46313.00
	36808	326.00
	37106	250421.00
	37108	1763.00
	37706	3412303.00
	37708	39955.00
	38006	1191960.00
	38008	13860.00
	38306	4807936.00
	38308	20707.00
COST CENTRE TOTALS: 33082534


COST CENTRE: 2210
	31206	1100000.00
COST CENTRE TOTALS: 1100000


COST CENTRE: 2214
	31013	172216.00
	33023	15438.00
	36516	1874.00
	36806	430.00
	37106	2196.00
	37706	34096.00
	38006	13860.00
	38306	42230.00
COST CENTRE TOTALS: 282340


COST CENTRE: 2220
	31013	1186733.00
	33023	106384.00
	35703	48273.00
	36516	9369.00
	36806	2757.00
	37106	13985.00
	37706	147937.00
	38006	69300.00
	38306	291003.00
COST CENTRE TOTALS: 1875741


COST CENTRE: 2280
	30053	770200.00
	31013	510029.00
	33023	99562.00
	35703	40381.00
	36513	1874.00
	36516	3637.00
	36803	705.00
	36806	1068.00
	37103	8896.00
	37106	6967.00
	37703	101123.00
	37706	80804.00
	38003	13860.00
	38006	27720.00
	38303	109194.00
	38306	125066.00
	38841	6300.00
COST CENTRE TOTALS: 1907386


COST CENTRE: 2320
	31013	2373851.00
	32013	515452.00
	33023	244681.00
	35703	58281.00
	36516	22241.00
	36518	5538.00
	36806	7209.00
	36808	1243.00
	37106	37879.00
	37108	5986.00
	37706	353132.00
	37708	45200.00
	38006	166320.00
	38008	41580.00
	38306	544927.00
	38308	69413.00
COST CENTRE TOTALS: 4492933


COST CENTRE: 2325
	31013	810950.00
	32013	132313.00
	33023	83795.00
	35703	7699.00
	36516	5622.00
	36518	1874.00
	36806	1858.00
	36808	384.00
	37106	13929.00
	37108	1878.00
	37706	74945.00
	37708	46708.00
	38006	41580.00
	38008	13860.00
	38306	229392.00
	38308	20818.00
	38843	3528.00
COST CENTRE TOTALS: 1491133


COST CENTRE: 2330
	31013	2266577.00
	32013	1992932.00
	32306	69336.00
	33023	380140.00
	35703	185137.00
	36516	16813.00
	36518	30072.00
	36806	5233.00
	36808	5837.00
	37106	27865.00
	37108	31775.00
	37706	391499.00
	37708	692307.00
	38006	124740.00
	38008	263340.00
	38306	477666.00
	38308	509339.00
COST CENTRE TOTALS: 7470608


COST CENTRE: 2340
	31013	367212.00
	31206	98494.00
	32013	1309399.00
	33023	146803.00
	35703	63542.00
	36516	7495.00
	36518	16532.00
	36806	1813.00
	36808	3411.00
	37106	8300.00
	37108	19145.00
	37706	72484.00
	37708	513689.00
	38006	55440.00
	38008	124740.00
	38306	137314.00
	38308	230628.00
COST CENTRE TOTALS: 3176441


COST CENTRE: 2350
	32013	86582.00
	33023	7762.00
	36518	1228.00
	36808	240.00
	37108	1224.00
	37708	22378.00
	38008	13860.00
	38308	21231.00
COST CENTRE TOTALS: 154505


COST CENTRE: 2370
	30053	1595807.00
	31013	1174091.00
	33023	233978.00
	35703	124344.00
	36513	9369.00
	36516	7495.00
	36803	3496.00
	36806	2042.00
	37103	21167.00
	37106	10674.00
	37703	141364.00
	37706	195724.00
	38003	69300.00
	38006	55440.00
	38303	393260.00
	38306	148698.00
COST CENTRE TOTALS: 4186249


COST CENTRE: 2450
	30053	734310.00
	31013	1344390.00
	31203	272947.00
	31208	124274.00
	33023	209182.00
	35703	38767.00
	36513	1874.00
	36516	12486.00
	36803	705.00
	36806	3897.00
	37103	7930.00
	37106	20231.00
	37703	22378.00
	37706	206363.00
	38003	13860.00
	38006	83160.00
	38303	109194.00
	38306	396592.00
	38841	3528.00
COST CENTRE TOTALS: 3606068


COST CENTRE: 2452
	31013	911494.00
	33023	82145.00
	36516	5609.00
	36806	1737.00
	37106	11124.00
	37706	99275.00
	38006	41580.00
	38306	239427.00
COST CENTRE TOTALS: 1392391


COST CENTRE: 2540
	31013	4271601.00
	32013	725080.00
	33023	433827.00
	35703	180052.00
	36516	29848.00
	36518	10855.00
	36806	9676.00
	36808	2064.00
	37106	50962.00
	37108	11175.00
	37706	469455.00
	37708	185938.00
	38006	221760.00
	38008	83160.00
	38306	973752.00
	38308	148510.00
	38843	14112.00
	38846	2142.00
COST CENTRE TOTALS: 7823969


COST CENTRE: 2541
	31013	947988.00
	33023	84982.00
	35703	23371.00
	36516	5622.00
	36806	2067.00
	37106	10786.00
	37706	90178.00
	38006	41580.00
	38306	232459.00
	38843	3528.00
COST CENTRE TOTALS: 1442561


COST CENTRE: 2551
	30208	28000.00
	31013	3186682.00
	31206	324000.00
	31208	28000.00
	33023	284733.00
	35703	68729.00
	36516	20613.00
	36806	6943.00
	37106	36352.00
	37706	302791.00
	38006	152460.00
	38306	778858.00
COST CENTRE TOTALS: 5218161


COST CENTRE: 2552
	31013	1967754.00
	31206	390000.00
	33023	176398.00
	36516	14969.00
	36806	4486.00
	37106	23407.00
	37706	271543.00
	38006	110880.00
	38306	482519.00
COST CENTRE TOTALS: 3441956


COST CENTRE: 2554
	31013	443523.00
	31206	130260.00
	33023	51436.00
	35703	29819.00
	36516	3748.00
	36806	1050.00
	37106	5604.00
	37706	93416.00
	38006	27720.00
	38306	140699.00
	38843	3528.00
COST CENTRE TOTALS: 930803


COST CENTRE: 2557
	31013	480747.00
	33023	43096.00
	36516	3748.00
	36806	1204.00
	37106	5936.00
	37706	87557.00
	38006	27720.00
	38306	117885.00
COST CENTRE TOTALS: 767893


COST CENTRE: 2562
	31013	1202921.00
	31206	274349.00
	33023	132676.00
	35703	59974.00
	36516	14991.00
	36806	3539.00
	37106	19487.00
	37706	299779.00
	38006	110880.00
	38306	371299.00
	38843	2142.00
COST CENTRE TOTALS: 2492037


COST CENTRE: 2610
	31013	229000.00
	32013	385298.00
	33023	55068.00
	35703	41301.00
	36516	1874.00
	36518	5748.00
	36806	626.00
	36808	1073.00
	37106	2721.00
	37108	5728.00
	37708	132313.00
	38006	13860.00
	38008	55440.00
	38306	56154.00
	38308	94480.00
COST CENTRE TOTALS: 1080684


COST CENTRE: 2620
	31013	118737.00
	31206	127668.00
	33023	22537.00
	36516	3748.00
	36806	727.00
	37106	4472.00
	37706	87557.00
	38006	27720.00
	38306	76849.00
COST CENTRE TOTALS: 470015


COST CENTRE: 2621
	31013	172216.00
	33023	15438.00
	35703	11579.00
	36516	1874.00
	36806	472.00
	37106	2052.00
	38006	13860.00
	38306	42230.00
COST CENTRE TOTALS: 259721


COST CENTRE: 2624
	31013	160175.00
	33023	14359.00
	36516	1874.00
	36806	490.00
	37106	2857.00
	37706	89510.00
	38006	13860.00
	38306	39277.00
COST CENTRE TOTALS: 322402


COST CENTRE: 2630
	31013	140075.00
	33023	12557.00
	35703	9418.00
	36516	1874.00
	36806	396.00
	37106	1902.00
	37706	22378.00
	38006	13860.00
	38306	34348.00
COST CENTRE TOTALS: 236808


COST CENTRE: 2631
	31013	140075.00
	33023	12557.00
	35703	9418.00
	36516	1666.00
	36806	382.00
	37106	1659.00
	38006	13860.00
	38306	34348.00
COST CENTRE TOTALS: 213965


COST CENTRE: 2632
	31013	140075.00
	33023	12557.00
	35703	9418.00
	36516	1874.00
	36806	394.00
	37106	1965.00
	37706	28237.00
	38006	13860.00
	38306	34348.00
COST CENTRE TOTALS: 242728


COST CENTRE: 2633
	31013	140075.00
	33023	12557.00
	35703	9418.00
	36516	1874.00
	36806	368.00
	37106	2058.00
	37706	52567.00
	38006	13860.00
	38306	34348.00
COST CENTRE TOTALS: 267125


COST CENTRE: 2636
	31013	140075.00
	33023	12557.00
	35703	9418.00
	36516	1666.00
	36806	382.00
	37106	1659.00
	38006	13860.00
	38306	34348.00
COST CENTRE TOTALS: 213965


COST CENTRE: 2640
	31013	126776.00
	33023	11677.00
	36516	1874.00
	36806	356.00
	37106	1975.00
	38006	13860.00
	38306	42530.00
COST CENTRE TOTALS: 199048


COST CENTRE: 2646
	31013	160175.00
	33023	14359.00
	35703	10769.00
	36516	1874.00
	36806	459.00
	37106	2454.00
	37706	52567.00
	38006	13860.00
	38306	39277.00
COST CENTRE TOTALS: 295794


COST CENTRE: 2655
	31013	134329.00
	33023	14359.00
	36516	1874.00
	36806	705.00
	37106	5421.00
	37706	22378.00
	38006	41580.00
	38306	117831.00
COST CENTRE TOTALS: 338477


COST CENTRE: 2708
	31013	2598738.00
	33023	212561.00
	35703	76492.00
	36516	13117.00
	36806	4574.00
	37106	30094.00
	37706	275587.00
	38006	97020.00
	38306	477565.00
	38843	3528.00
COST CENTRE TOTALS: 3789276


COST CENTRE: 2950
	31013	787594.00
	31016	420000.00
	31206	400000.00
	33023	66122.00
	36516	3748.00
	36806	1131.00
	37106	9225.00
	37706	86499.00
	38006	27720.00
	38306	145021.00
COST CENTRE TOTALS: 1947060


COST CENTRE: 2970
	31013	1177476.00
	33023	98514.00
	35703	73886.00
	36516	7495.00
	36806	2446.00
	37106	13401.00
	37706	112762.00
	38006	55440.00
	38306	210836.00
	38843	3528.00
COST CENTRE TOTALS: 1755784


COST CENTRE: 2980
	31013	564114.00
	33023	46908.00
	36516	3724.00
	36806	1035.00
	37106	6304.00
	37706	40849.00
	38006	27720.00
	38306	128311.00
COST CENTRE TOTALS: 818965


COST CENTRE: 2990
	30053	5494.00
	31013	543915.00
	33023	46091.00
	35703	26423.00
	36516	3448.00
	36806	1014.00
	37106	6997.00
	37706	128680.00
	38006	27720.00
	38306	101158.00
COST CENTRE TOTALS: 890940


COST CENTRE: 5107
	31013	425262.00
	33023	38122.00
	35703	17705.00
	36516	3748.00
	36806	1049.00
	37106	5375.00
	37706	86663.00
	38006	27720.00
	38306	104280.00
COST CENTRE TOTALS: 709924


COST CENTRE: 550
	30053	1121674.00
	31013	29585.00
	32013	511132.00
	33023	138261.00
	35703	80325.00
	36513	5622.00
	36516	3748.00
	36803	2116.00
	36806	1307.00
	37103	12891.00
	37106	6250.00
	37703	74306.00
	37706	56566.00
	38003	41580.00
	38006	27720.00
	38303	216061.00
	38306	86385.00
COST CENTRE TOTALS: 2415529


COST CENTRE: 5548
	31013	532515.00
	33023	45577.00
	35703	12383.00
	36516	5622.00
	36806	1327.00
	37106	6692.00
	37706	106898.00
	38006	41580.00
	38306	112995.00
COST CENTRE TOTALS: 865589


COST CENTRE: 5551
	31203	560000.00
COST CENTRE TOTALS: 560000


COST CENTRE: 5578
	31013	777869.00
	33023	69732.00
	36516	5622.00
	36806	1836.00
	37106	9246.00
	37706	109040.00
	38006	41580.00
	38306	190744.00
COST CENTRE TOTALS: 1205669


COST CENTRE: 5650
	30053	172216.00
	31013	2432642.00
	31203	187299.00
	32013	246355.00
	33023	241769.00
	35703	119880.00
	36516	24347.00
	36518	3376.00
	36806	7651.00
	36808	630.00
	37106	38538.00
	37108	3354.00
	37706	505928.00
	37708	25918.00
	38006	180180.00
	38008	27720.00
	38306	518386.00
	38308	41636.00
COST CENTRE TOTALS: 4777825


COST CENTRE: 5690
	31013	1049421.00
	31203	300484.00
	33023	116350.00
	35703	33652.00
	36516	9243.00
	36806	2620.00
	37106	16161.00
	37706	182154.00
	38006	69300.00
	38306	286529.00
COST CENTRE TOTALS: 2065914


COST CENTRE: 8120
	31013	2164356.00
	33023	193231.00
	36516	9369.00
	36806	3202.00
	37106	27996.00
	37706	166572.00
	38006	68040.00
	38306	528565.00
	38841	10710.00
COST CENTRE TOTALS: 3172041


COST CENTRE: 8130
	31013	1527732.00
	33023	124193.00
	35703	93145.00
	36516	3748.00
	36806	1340.00
	37106	19342.00
	37706	104496.00
	38006	26460.00
	38306	304255.00
	38843	10710.00
COST CENTRE TOTALS: 2215421


COST CENTRE: 8140
	31013	1862899.00
	33023	166208.00
	35703	17705.00
	36516	9160.00
	36806	2750.00
	37106	21765.00
	37706	209210.00
	38006	68040.00
	38306	454644.00
	38843	10710.00
COST CENTRE TOTALS: 2823091


COST CENTRE: 8141
	31013	1677968.00
	31206	415810.00
	33023	184947.00
	35703	17705.00
	36516	9369.00
	36806	3073.00
	37106	26052.00
	37706	136261.00
	38006	68040.00
	38306	540042.00
	38843	10710.00
COST CENTRE TOTALS: 3089977


COST CENTRE: 8142
	30053	982506.00
	31013	808182.00
	33023	157541.00
	35703	61792.00
	36513	1874.00
	36516	7495.00
	36803	705.00
	36806	2580.00
	37103	4548.00
	37106	15654.00
	37703	25918.00
	37706	103181.00
	38003	13860.00
	38006	55440.00
	38303	102284.00
	38306	309453.00
COST CENTRE TOTALS: 2653013


COST CENTRE: 8143
	30053	590594.00
	33023	52300.00
	36513	1874.00
	36803	705.00
	37103	6548.00
	37703	28237.00
	38003	13860.00
	38303	143063.00
	38841	3528.00
COST CENTRE TOTALS: 840709


COST CENTRE: 8210
	31013	5186445.00
	32013	1551276.00
	33023	581628.00
	35703	179898.00
	36516	31216.00
	36518	26485.00
	36806	10197.00
	36808	4475.00
	37106	61619.00
	37108	26849.00
	37706	694705.00
	37708	851735.00
	38006	234360.00
	38008	235620.00
	38306	1153610.00
	38308	318128.00
	38841	10710.00
	38843	3528.00
COST CENTRE TOTALS: 11162484


COST CENTRE: 8306
	31013	1134322.00
	33023	99132.00
	35703	20360.00
	36516	7482.00
	36806	2185.00
	37106	13557.00
	37706	171977.00
	38006	55440.00
	38306	251964.00
	38843	3528.00
COST CENTRE TOTALS: 1759947


COST CENTRE: 8310
	31013	1004820.00
	31208	6000000.00
	32013	105920.00
	33023	99571.00
	35703	12451.00
	36516	10567.00
	36806	2623.00
	37106	13665.00
	37706	178126.00
	38006	83160.00
	38306	272368.00
COST CENTRE TOTALS: 7783271


COST CENTRE: 8350
	31013	211841.00
	33023	18990.00
	36516	2619.00
	36806	559.00
	37106	2609.00
	37706	22378.00
	38006	27720.00
	38306	51946.00
COST CENTRE TOTALS: 338662


COST CENTRE: 8460
	31013	5089617.00
	33023	452388.00
	35703	177683.00
	36516	33730.00
	36806	11488.00
	37106	59305.00
	37706	601889.00
	38006	249480.00
	38306	1202910.00
	38843	7812.00
COST CENTRE TOTALS: 7886302


COST CENTRE: 8510
	31013	1654049.00
	33023	140408.00
	35703	76832.00
	36516	11243.00
	36806	3751.00
	37106	20716.00
	37706	304349.00
	38006	83160.00
	38306	328311.00
	38847	7318.00
COST CENTRE TOTALS: 2630137


COST CENTRE: 8520
	30053	22226.00
	31013	6952980.00
	33023	605810.00
	35703	276934.00
	36516	48721.00
	36806	16870.00
	37106	89827.00
	37706	964807.00
	38006	360360.00
	38306	1520569.00
COST CENTRE TOTALS: 10859104


COST CENTRE: 8530
	31013	2140523.00
	33023	187158.00
	35703	86383.00
	36516	13117.00
	36806	4466.00
	37106	24416.00
	37706	196069.00
	38006	97020.00
	38306	476145.00
	38843	7056.00
	38847	18164.00
COST CENTRE TOTALS: 3250517


COST CENTRE: 8610
	30053	538436.00
	31013	185194.00
	33023	61471.00
	35703	33652.00
	36513	1874.00
	36516	1874.00
	36803	705.00
	36806	456.00
	37103	5523.00
	37106	2507.00
	37706	52567.00
	38003	13860.00
	38006	13860.00
	38303	91000.00
	38306	45412.00
COST CENTRE TOTALS: 1048391


COST CENTRE: 8630
	31013	302827.00
	33023	27147.00
	35703	20360.00
	36516	1874.00
	36806	705.00
	37106	3376.00
	37706	22378.00
	38006	13860.00
	38306	74257.00
COST CENTRE TOTALS: 466784


COST CENTRE: 8712
	31013	361052.00
	32013	245357.00
	33023	51461.00
	35703	38595.00
	36516	3748.00
	36518	3523.00
	36806	907.00
	36808	675.00
	37106	4401.00
	37108	3992.00
	37706	52567.00
	37708	110993.00
	38006	27720.00
	38008	27720.00
	38306	88535.00
	38308	52230.00
COST CENTRE TOTALS: 1073476


COST CENTRE: 8740
	31013	174113.00
	33023	15608.00
	35703	11706.00
	36516	1874.00
	36806	522.00
	37106	2655.00
	37706	46708.00
	38006	13860.00
	38306	42695.00
COST CENTRE TOTALS: 309741


COST CENTRE: 8770
	32013	1961724.00
	32306	68951.00
	33023	178976.00
	35703	71513.00
	36516	3748.00
	36518	22889.00
	36806	837.00
	36808	5142.00
	37106	4612.00
	37108	27614.00
	37706	105134.00
	37708	605254.00
	38006	27720.00
	38008	207900.00
	38306	79826.00
	38308	409747.00
	38846	2142.00
COST CENTRE TOTALS: 3783729


COST CENTRE: 8810
	31013	243594.00
	33023	21837.00
	36516	1874.00
	36806	589.00
	37106	2971.00
	37706	40849.00
	38006	13860.00
	38306	59733.00
COST CENTRE TOTALS: 385307


COST CENTRE: 8820
	31013	2238827.00
	31203	302827.00
	33023	221780.00
	35703	56376.00
	36516	14991.00
	36806	5197.00
	37106	28882.00
	37706	208660.00
	38006	110880.00
	38306	575530.00
	38843	3528.00
COST CENTRE TOTALS: 3767478


COST CENTRE: 8830
	31013	243594.00
	33023	21837.00
	36516	1874.00
	36806	593.00
	37106	3047.00
	37706	46708.00
	38006	13860.00
	38306	59733.00
COST CENTRE TOTALS: 391246


COST CENTRE: 8960
	31013	710716.00
	33023	63146.00
	35703	11579.00
	36516	3748.00
	36806	1153.00
	37106	8414.00
	37706	87557.00
	38006	27720.00
	38306	172729.00
COST CENTRE TOTALS: 1086762


COST CENTRE: 8963
	30053	538436.00
	31013	835915.00
	33023	119239.00
	35703	33652.00
	36516	5622.00
	36806	1966.00
	37106	15999.00
	37706	145879.00
	38006	41580.00
	38306	294430.00
	38843	10710.00
COST CENTRE TOTALS: 2043428


COST CENTRE: 8970
	31013	1879824.00
	33023	168516.00
	35703	58229.00
	36516	13117.00
	36806	4440.00
	37106	21929.00
	37706	224834.00
	38006	97020.00
	38306	460958.00
COST CENTRE TOTALS: 2928867


COST CENTRE: A340
	30053	2225425.00
	31013	508225.00
	33023	228302.00
	35703	93864.00
	36513	7495.00
	36516	3748.00
	36803	2821.00
	36806	1237.00
	37103	25334.00
	37106	5899.00
	37703	187727.00
	37706	56473.00
	38003	55440.00
	38006	27720.00
	38303	499873.00
	38306	124623.00
	38841	10584.00
COST CENTRE TOTALS: 4064790


COST CENTRE: B010
	30053	4460162.00
	31013	2475066.00
	33023	346006.00
	35703	163279.00
	36513	7495.00
	36516	11243.00
	36803	2821.00
	36806	3477.00
	37103	28365.00
	37106	17963.00
	37703	221269.00
	37706	148995.00
	38003	54180.00
	38006	83160.00
	38303	515729.00
	38306	336511.00
	38841	10710.00
COST CENTRE TOTALS: 8886431


COST CENTRE: B011
	31013	3759170.00
	31206	246343.00
	33023	197608.00
	35703	76704.00
	36516	20613.00
	36806	5591.00
	37106	28048.00
	37706	351637.00
	38006	152460.00
	38306	514275.00
COST CENTRE TOTALS: 5352449


COST CENTRE: B012
	30053	1885544.00
	30206	500000.00
	31013	211817.00
	33023	187374.00
	35703	98244.00
	36513	7495.00
	36516	1874.00
	36803	2821.00
	36806	517.00
	37103	21244.00
	37106	2713.00
	37703	171209.00
	37706	46708.00
	38003	55440.00
	38006	13860.00
	38303	460601.00
	38306	51940.00
COST CENTRE TOTALS: 3719401


COST CENTRE: B014
	30053	226611.00
	31206	827929.00
	33023	87878.00
	36513	1874.00
	36516	1874.00
	36803	569.00
	36806	705.00
	37103	2687.00
	37106	8688.00
	37703	28237.00
	37706	40849.00
	38003	13860.00
COST CENTRE TOTALS: 1241761


COST CENTRE: B040
	30053	5270111.00
	30203	650000.00
	30212	20000.00
	31013	909478.00
	33023	476238.00
	35703	227643.00
	36513	26234.00
	36516	1874.00
	36803	9808.00
	36806	705.00
	37103	63449.00
	37106	4038.00
	37703	566307.00
	37706	40849.00
	38003	194040.00
	38006	13860.00
	38303	1080507.00
	38306	75529.00
	38843	3528.00
COST CENTRE TOTALS: 9634198


COST CENTRE: B050
	30053	5401864.00
	30203	700000.00
	30212	20000.00
	31013	347605.00
	31206	150629.00
	33023	348354.00
	35703	148133.00
	36513	18739.00
	36516	3743.00
	36803	7033.00
	36806	1092.00
	37103	43586.00
	37106	6204.00
	37703	345803.00
	37706	93416.00
	38003	138600.00
	38006	27720.00
	38303	782077.00
	38306	122174.00
	38843	3528.00
COST CENTRE TOTALS: 8710300


COST CENTRE: B080
	30053	6172129.00
	30203	650000.00
	30206	300000.00
	30208	20000.00
	31013	246343.00
	33023	502944.00
	35703	211920.00
	36513	28108.00
	36516	1874.00
	36803	10520.00
	36806	598.00
	37103	66040.00
	37106	2965.00
	37703	510393.00
	37706	36263.00
	38003	207900.00
	38006	13860.00
	38303	1230843.00
	38306	41634.00
COST CENTRE TOTALS: 10254334


COST CENTRE: B083
	30053	2490746.00
	30203	350000.00
	30206	300000.00
	30212	20000.00
	31013	225000.00
	33023	138119.00
	35703	24850.00
	36513	9369.00
	36803	3526.00
	37103	20485.00
	37703	190739.00
	38003	69300.00
	38303	377811.00
COST CENTRE TOTALS: 4219945


COST CENTRE: B111
	39017	100000.00
	39023	200000.00
	39026	100000.00
COST CENTRE TOTALS: 400000


COST CENTRE: B140
	30053	3539973.00
	30203	550000.00
	30208	20000.00
	31013	530561.00
	33023	346781.00
	35703	216007.00
	36513	16865.00
	36516	3748.00
	36803	6327.00
	36806	1195.00
	37103	43612.00
	37106	6028.00
	37703	357101.00
	38003	124740.00
	38006	27720.00
	38303	743158.00
	38306	89669.00
	38843	3528.00
COST CENTRE TOTALS: 6627013


COST CENTRE: B160
	30053	4579380.00
	30203	650000.00
	30206	1300000.00
	30208	20000.00
	31013	375629.00
	33023	321026.00
	35703	19495.00
	36513	20613.00
	36516	1874.00
	36803	7490.00
	36806	431.00
	37103	40760.00
	37106	2056.00
	37703	268695.00
	37706	22378.00
	38003	152460.00
	38006	13860.00
	38303	841198.00
	38306	36936.00
COST CENTRE TOTALS: 8674281


COST CENTRE: B180
	30053	2097181.00
	30203	400000.00
	30206	1895551.00
	30208	20000.00
	31013	343354.00
	33023	240792.00
	35703	20729.00
	36513	13117.00
	36516	3748.00
	36803	4857.00
	36806	860.00
	37103	26064.00
	37106	4502.00
	37703	201398.00
	37706	80804.00
	38003	97020.00
	38006	27720.00
	38303	574468.00
	38306	84195.00
COST CENTRE TOTALS: 6136360


COST CENTRE: B200
	30053	4008932.00
	30203	400000.00
	30206	689966.00
	30212	20000.00
	31206	140075.00
	32013	45448.00
	33023	309382.00
	35703	98955.00
	36513	18739.00
	36516	1874.00
	36803	7052.00
	36806	417.00
	37103	43648.00
	37106	2130.00
	37703	423507.00
	37706	40849.00
	38003	138600.00
	38006	13860.00
	38303	767536.00
	38306	34348.00
COST CENTRE TOTALS: 7205318


COST CENTRE: B240
	30053	5859027.00
	30203	240000.00
	30206	513484.00
	30208	20000.00
	31013	650000.00
	31206	400000.00
	32013	521496.00
	33023	436927.00
	35703	217856.00
	36513	24360.00
	36518	6659.00
	36803	8843.00
	36808	1386.00
	37103	54090.00
	37108	7014.00
	37703	487015.00
	37708	126454.00
	38003	180180.00
	38008	55440.00
	38303	1067292.00
	38308	127878.00
COST CENTRE TOTALS: 11005401


COST CENTRE: B260
	31013	2666854.00
	32013	324474.00
	32306	85233.00
	33023	274162.00
	35703	33948.00
	36516	23916.00
	36518	3748.00
	36806	6633.00
	36808	829.00
	37106	33203.00
	37108	4505.00
	37706	401008.00
	37708	99275.00
	38006	180180.00
	38008	27720.00
	38306	674952.00
	38308	74990.00
COST CENTRE TOTALS: 4915630


COST CENTRE: B300
	30053	500530.00
	31013	150629.00
	33023	58373.00
	35703	33652.00
	36513	1874.00
	36516	1874.00
	36803	705.00
	36806	377.00
	37103	5563.00
	37106	1922.00
	37703	40849.00
	37706	28237.00
	38003	13860.00
	38006	13860.00
	38303	122736.00
	38306	36936.00
	38841	3528.00
COST CENTRE TOTALS: 1015505


COST CENTRE: B400
	30203	200000.00
	31206	225000.00
COST CENTRE TOTALS: 425000


COST CENTRE: B401
	30053	550000.00
COST CENTRE TOTALS: 550000


COST CENTRE: B404
	30053	369954.00
	33023	33164.00
	35703	24873.00
	36513	1874.00
	36803	705.00
	37103	4345.00
	37703	52567.00
	38003	13860.00
	38303	90717.00
COST CENTRE TOTALS: 592059


COST CENTRE: B405
	30053	1365110.00
	30203	200000.00
	30206	1500000.00
	31013	891497.00
	31206	1665000.00
	32013	641258.00
	33023	256589.00
	35703	125519.00
	36513	7495.00
	36516	9369.00
	36518	7274.00
	36803	2821.00
	36806	2243.00
	36808	1574.00
	37103	15710.00
	37106	11306.00
	37108	8286.00
	37703	121653.00
	37706	174220.00
	37708	170314.00
	38003	55440.00
	38006	69300.00
	38008	55440.00
	38303	334743.00
	38306	218607.00
	38308	148526.00
COST CENTRE TOTALS: 8059294


COST CENTRE: B407
	30203	200000.00
	30206	600000.00
	31206	200000.00
COST CENTRE TOTALS: 1000000


COST CENTRE: B730
	30053	10837417.00
	30203	1146343.00
	30206	1047605.00
	30208	20000.00
	31013	121149.00
	31206	150629.00
	33023	940661.00
	35703	389387.00
	36513	56216.00
	36516	3519.00
	36803	20676.00
	36806	1049.00
	37103	123843.00
	37106	4562.00
	37703	1177277.00
	38003	415800.00
	38006	27720.00
	38303	2317295.00
	38306	78570.00
COST CENTRE TOTALS: 18879718


COST CENTRE: B740
	30053	2480223.00
	30203	400000.00
	30206	243594.00
	30208	20000.00
	31013	225000.00
	33023	238377.00
	35703	142045.00
	36513	14991.00
	36803	5536.00
	37103	31642.00
	37703	326319.00
	38003	110880.00
	38303	607828.00
COST CENTRE TOTALS: 4846435


COST CENTRE: B750
	30053	6954440.00
	30203	300000.00
	30206	600000.00
	30208	20000.00
	31206	174113.00
	33023	613775.00
	35703	329071.00
	36513	33730.00
	36516	1874.00
	36803	12664.00
	36806	500.00
	37103	80677.00
	37106	2640.00
	37703	785698.00
	37706	76898.00
	38003	249480.00
	38006	13860.00
	38303	1503090.00
	38306	42695.00
COST CENTRE TOTALS: 11795205


COST CENTRE: B770
	30053	6195279.00
	30203	500000.00
	30206	347605.00
	30208	20000.00
	31013	331342.00
	31206	121147.00
	33023	564505.00
	35703	231634.00
	36513	33730.00
	36516	3635.00
	36803	12513.00
	36806	1014.00
	37103	71854.00
	37106	5404.00
	37703	595489.00
	37706	40849.00
	38003	249480.00
	38006	27720.00
	38303	1390274.00
	38306	85706.00
	38843	3528.00
COST CENTRE TOTALS: 10832708


COST CENTRE: C017
	30053	2749236.00
	30203	1160280.00
	30206	269214.00
	31013	4076915.00
	31206	681564.00
	32013	12184.00
	33023	584402.00
	35703	230330.00
	36513	9369.00
	36516	33619.00
	36803	3526.00
	36806	9648.00
	37103	30521.00
	37106	49927.00
	37703	206821.00
	37706	691551.00
	38003	68040.00
	38006	249480.00
	38303	602711.00
	38306	922429.00
	38841	10710.00
	38843	3528.00
	39023	300000.00
COST CENTRE TOTALS: 12956005


COST CENTRE: C040
	30053	5884628.00
	30203	300000.00
	31013	1051730.00
	32013	151425.00
	33023	633750.00
	35703	280043.00
	36513	31856.00
	36516	9261.00
	36518	1874.00
	36803	11979.00
	36806	2578.00
	36808	387.00
	37103	71522.00
	37106	12642.00
	37108	1933.00
	37703	697775.00
	37706	147937.00
	37708	28237.00
	38003	235620.00
	38006	69300.00
	38008	13860.00
	38303	1438532.00
	38306	257898.00
	38308	37131.00
	38841	7056.00
COST CENTRE TOTALS: 11378954


COST CENTRE: C041
	30203	300000.00
COST CENTRE TOTALS: 300000


COST CENTRE: C048
	30053	3730693.00
	31013	362446.00
	33023	342984.00
	35703	209499.00
	36513	13117.00
	36516	3748.00
	36803	4937.00
	36806	900.00
	37103	42705.00
	37106	4390.00
	37703	271664.00
	37706	50614.00
	38003	97020.00
	38006	27720.00
	38303	745761.00
	38306	88876.00
	38841	3528.00
COST CENTRE TOTALS: 6000602


COST CENTRE: C057
	30053	5903680.00
	30203	450000.00
	30206	540056.00
	30208	120000.00
	30212	600000.00
	31013	919295.00
	31206	427747.00
	32013	211817.00
	33023	618026.00
	35703	324208.00
	36513	28108.00
	36516	11243.00
	36803	10559.00
	36806	3910.00
	37103	65613.00
	37106	22382.00
	37703	605413.00
	37706	310888.00
	38003	207900.00
	38006	83160.00
	38303	1019737.00
	38306	349998.00
	39023	45000.00
	39026	25000.00
COST CENTRE TOTALS: 12903740


COST CENTRE: C062
	30053	4309935.00
	31013	1046495.00
	32013	302850.00
	33023	507322.00
	35703	244552.00
	36513	24360.00
	36516	7495.00
	36518	3748.00
	36803	8959.00
	36806	2513.00
	36808	968.00
	37103	50117.00
	37106	12118.00
	37108	4934.00
	37703	542921.00
	37706	114899.00
	37708	81698.00
	38003	180180.00
	38006	55440.00
	38008	27720.00
	38303	1056852.00
	38306	256614.00
	38308	74263.00
COST CENTRE TOTALS: 8916953


COST CENTRE: C066
	30053	1350972.00
	31013	1486609.00
	32013	92122.00
	33023	262631.00
	35703	124506.00
	36513	7495.00
	36516	9352.00
	36518	1342.00
	36803	2821.00
	36806	2804.00
	36808	243.00
	37103	19129.00
	37106	14120.00
	37108	1338.00
	37703	163397.00
	37706	209210.00
	37708	28237.00
	38003	55440.00
	38006	69300.00
	38008	13860.00
	38303	416597.00
	38306	279215.00
	38308	22590.00
	38841	3528.00
COST CENTRE TOTALS: 4636858


COST CENTRE: C073
	30053	3894447.00
	30203	750000.00
	30206	621228.00
	31013	1066188.00
	32013	211817.00
	33023	460575.00
	35703	188457.00
	36513	20613.00
	36516	11243.00
	36803	7709.00
	36806	3374.00
	37103	46621.00
	37106	17661.00
	37703	503391.00
	37706	237069.00
	38003	152460.00
	38006	83160.00
	38303	806891.00
	38306	275238.00
	38843	3528.00
COST CENTRE TOTALS: 9361670


COST CENTRE: C074
	30053	256924.00
	30206	1024996.00
	31013	327436.00
	31206	121147.00
	33023	149752.00
	35703	44029.00
	36513	7495.00
	36516	3565.00
	36803	2726.00
	36806	1018.00
	37103	15240.00
	37106	5307.00
	37703	192692.00
	37706	56473.00
	38003	55440.00
	38006	27720.00
	38303	299633.00
	38306	109998.00
COST CENTRE TOTALS: 2701591


COST CENTRE: C080
	30053	347605.00
	31013	811052.00
	33023	103867.00
	35703	41075.00
	36513	1874.00
	36516	5622.00
	36803	705.00
	36806	2054.00
	37103	4191.00
	37106	10248.00
	37703	59321.00
	37706	127512.00
	38003	13860.00
	38006	41580.00
	38303	85237.00
	38306	198881.00
COST CENTRE TOTALS: 1854684


COST CENTRE: C100
	30053	347605.00
	33023	31161.00
	36513	1874.00
	36803	705.00
	37103	3821.00
	37703	22378.00
	38003	13860.00
	38303	85237.00
COST CENTRE TOTALS: 506641


COST CENTRE: C108
	30053	3876935.00
	30203	460000.00
	30206	1216649.00
	31013	1700455.00
	32013	19996.00
	33023	534233.00
	35703	188628.00
	36513	22486.00
	36516	13060.00
	36803	8453.00
	36806	4118.00
	37103	52698.00
	37106	20727.00
	37703	545597.00
	37706	284155.00
	38003	166320.00
	38006	97020.00
	38303	978609.00
	38306	394055.00
	38841	3528.00
	38843	3528.00
COST CENTRE TOTALS: 10591250


COST CENTRE: C110
	30206	890925.00
	33023	78074.00
	36513	5622.00
	36803	2067.00
	37103	10553.00
	37703	91463.00
	38003	41580.00
	38303	213563.00
COST CENTRE TOTALS: 1333847


COST CENTRE: C140
	30053	1722555.00
	30203	472436.00
	31013	597999.00
	33023	234838.00
	35703	91489.00
	36513	10901.00
	36516	5622.00
	36803	3757.00
	36806	1571.00
	37103	25721.00
	37106	7486.00
	37703	225729.00
	37706	72992.00
	38003	83160.00
	38006	41580.00
	38303	502684.00
	38306	139691.00
COST CENTRE TOTALS: 4240211


COST CENTRE: C142
	31013	2007086.00
	31206	263331.00
	32013	378048.00
	32306	150676.00
	33023	250044.00
	35703	32047.00
	36516	20506.00
	36518	6850.00
	36806	6017.00
	36808	1712.00
	37106	30843.00
	37108	9148.00
	37706	381478.00
	37708	191797.00
	38006	138600.00
	38008	55440.00
	38306	519322.00
	38308	129834.00
COST CENTRE TOTALS: 4572779


COST CENTRE: C160
	30053	272947.00
	30203	1000000.00
	30206	344938.00
	33023	24468.00
	36513	1874.00
	36803	705.00
	37103	3975.00
	37703	52567.00
	38003	13860.00
	38303	66930.00
COST CENTRE TOTALS: 1782264


COST CENTRE: C170
	30053	3385767.00
	31013	263331.00
	31206	161932.00
	33023	326249.00
	35703	108273.00
	36513	16865.00
	36516	3748.00
	36803	6347.00
	36806	1182.00
	37103	42795.00
	37106	5777.00
	37703	398349.00
	37706	74945.00
	38003	124740.00
	38006	27720.00
	38303	710928.00
	38306	104280.00
COST CENTRE TOTALS: 5763228


COST CENTRE: C180
	30053	1197396.00
	30206	272947.00
	31013	185194.00
	32013	151425.00
	33023	161835.00
	35703	79655.00
	36513	7495.00
	36516	1874.00
	36518	1874.00
	36803	2782.00
	36806	457.00
	36808	394.00
	37103	16963.00
	37106	2575.00
	37108	2171.00
	37703	169256.00
	37706	59321.00
	37708	52567.00
	38003	55440.00
	38006	13860.00
	38008	13860.00
	38303	360141.00
	38306	45412.00
	38308	37131.00
	38841	3528.00
COST CENTRE TOTALS: 2895553


COST CENTRE: C210
	30053	12116414.00
	30203	1977112.00
	30206	589045.00
	31013	1913239.00
	31206	562913.00
	32013	612366.00
	33023	1329891.00
	35703	653734.00
	36513	59964.00
	36516	18739.00
	36518	8712.00
	36803	22385.00
	36806	5729.00
	36808	1956.00
	37103	147415.00
	37106	30199.00
	37108	10562.00
	37703	1448085.00
	37706	497620.00
	37708	245364.00
	38003	443520.00
	38006	138600.00
	38008	69300.00
	38303	2449381.00
	38306	535315.00
	38308	126569.00
	38843	3528.00
COST CENTRE TOTALS: 26017657


COST CENTRE: C211
	30053	1031909.00
	30203	586835.00
	30206	593311.00
	31013	244895.00
	33023	136575.00
	35703	26399.00
	36513	7495.00
	36516	1874.00
	36803	2747.00
	36806	611.00
	37103	16159.00
	37106	3043.00
	37703	133358.00
	37706	46708.00
	38003	55440.00
	38006	13860.00
	38303	311823.00
	38306	60051.00
COST CENTRE TOTALS: 3273093


COST CENTRE: C212
	30053	613209.00
	30203	272947.00
	30206	615726.00
	31206	161932.00
	33023	147096.00
	35703	24850.00
	36513	9369.00
	36516	1758.00
	36803	3478.00
	36806	402.00
	37103	18112.00
	37106	1750.00
	37703	171486.00
	38003	69300.00
	38006	13860.00
	38303	288400.00
	38306	39708.00
COST CENTRE TOTALS: 2453383


COST CENTRE: C250
	30053	664518.00
	30206	289966.00
	33023	80186.00
	35703	23371.00
	36513	5622.00
	36803	2116.00
	37103	11039.00
	37703	63227.00
	38003	41580.00
	38303	219342.00
COST CENTRE TOTALS: 1400967


COST CENTRE: C766
	30053	4396745.00
	30203	250000.00
	30206	342514.00
	31013	911071.00
	33023	459472.00
	35703	178649.00
	36513	24360.00
	36516	7470.00
	36803	8917.00
	36806	2232.00
	37103	54542.00
	37106	10960.00
	37703	601785.00
	37706	132976.00
	38003	194040.00
	38006	55440.00
	38303	946830.00
	38306	183918.00
	38843	3528.00
COST CENTRE TOTALS: 8765449


COST CENTRE: C767
	30206	1108479.00
	33023	99369.00
	36513	7495.00
	36803	2681.00
	37103	13717.00
	37703	115794.00
	38003	55440.00
	38303	271814.00
COST CENTRE TOTALS: 1674789


COST CENTRE: C791
	30053	2022895.00
	30203	576463.00
	30206	632474.00
	31013	201222.00
	33023	242657.00
	35703	125324.00
	36513	13117.00
	36516	3748.00
	36803	4814.00
	36806	1051.00
	37103	28162.00
	37106	4823.00
	37703	242575.00
	37706	27220.00
	38003	97020.00
	38006	27720.00
	38303	455443.00
	38306	72179.00
COST CENTRE TOTALS: 4778907


COST CENTRE: D010
	30053	2209148.00
	30203	8242844.00
	30206	422390.00
	31013	2794059.00
	33023	486336.00
	35703	214113.00
	36513	11243.00
	36516	20499.00
	36803	4231.00
	36806	5561.00
	37103	36758.00
	37106	30547.00
	37703	215002.00
	37706	424511.00
	38003	81900.00
	38006	152460.00
	38303	682353.00
	38306	560689.00
	38841	10710.00
COST CENTRE TOTALS: 16605354


COST CENTRE: D040
	30053	5348052.00
	31013	826764.00
	33023	527562.00
	35703	280567.00
	36513	26234.00
	36516	5472.00
	36803	9848.00
	36806	1375.00
	37103	58870.00
	37106	6872.00
	37703	514677.00
	37706	103181.00
	38003	180180.00
	38006	41580.00
	38303	1025269.00
	38306	133645.00
COST CENTRE TOTALS: 9090148


COST CENTRE: D057
	30053	352233.00
	33023	29353.00
	36513	1874.00
	36803	705.00
	37103	3734.00
	38003	13860.00
COST CENTRE TOTALS: 401759


COST CENTRE: D100
	30053	3552046.00
	30206	281626.00
	31013	768628.00
	33023	409707.00
	35703	256909.00
	36513	20613.00
	36516	7495.00
	36803	7452.00
	36806	1904.00
	37103	43590.00
	37106	9372.00
	37703	373682.00
	37706	115794.00
	38003	152460.00
	38006	55440.00
	38303	910045.00
	38306	188478.00
COST CENTRE TOTALS: 7155241


COST CENTRE: D115
	30053	289966.00
	33023	25994.00
	36513	1874.00
	36803	705.00
	37103	3248.00
	37703	22378.00
	38003	13860.00
	38303	71103.00
COST CENTRE TOTALS: 429128


COST CENTRE: D116
	30053	347605.00
	33023	31161.00
	36513	1874.00
	36803	705.00
	37103	3597.00
	38003	13860.00
	38303	85237.00
COST CENTRE TOTALS: 484039


COST CENTRE: D120
	30206	487393.00
	33023	40616.00
	36513	3748.00
	36803	1185.00
	37103	5599.00
	37703	44755.00
	38003	27720.00
COST CENTRE TOTALS: 611016


COST CENTRE: D140
	30053	4515181.00
	30203	383061.00
	30206	289966.00
	31013	548598.00
	32013	498651.00
	33023	538099.00
	35703	266329.00
	36513	26234.00
	36516	9069.00
	36518	1874.00
	36803	9811.00
	36806	2390.00
	36808	462.00
	37103	58920.00
	37106	12226.00
	37108	2529.00
	37703	568920.00
	37706	184876.00
	37708	65180.00
	38003	194040.00
	38006	69300.00
	38008	13860.00
	38303	1164737.00
	38306	214786.00
	38308	42695.00
COST CENTRE TOTALS: 9681794


COST CENTRE: D160
	30053	675041.00
	31206	308016.00
	33023	88125.00
	35703	23371.00
	36513	3748.00
	36516	1874.00
	36803	1410.00
	36806	705.00
	37103	7312.00
	37106	3274.00
	37703	28237.00
	37706	22378.00
	38003	27720.00
	38006	13860.00
	38303	165529.00
	38306	75529.00
	38841	3528.00
COST CENTRE TOTALS: 1449657


COST CENTRE: D176
	30206	302827.00
	33023	27147.00
	36513	1874.00
	36803	705.00
	37103	3376.00
	37703	22378.00
	38003	13860.00
	38303	74257.00
COST CENTRE TOTALS: 446424


COST CENTRE: D180
	30053	3784630.00
	30206	500530.00
	31013	654963.00
	32013	161932.00
	33023	436812.00
	35703	176421.00
	36513	20613.00
	36516	5622.00
	36518	1874.00
	36803	7748.00
	36806	1618.00
	36808	419.00
	37103	48293.00
	37106	8217.00
	37108	2282.00
	37703	453411.00
	37706	127512.00
	37708	52567.00
	38003	152460.00
	38006	41580.00
	38008	13860.00
	38303	917327.00
	38306	124816.00
	38308	39708.00
	38841	5670.00
COST CENTRE TOTALS: 7740885


COST CENTRE: D197
	30053	347605.00
	33023	31161.00
	36513	1874.00
	36803	705.00
	37103	4065.00
	37703	46708.00
	38003	13860.00
	38303	85237.00
COST CENTRE TOTALS: 531215


COST CENTRE: D200
	30053	1037674.00
	31013	463002.00
	32013	86582.00
	33023	142289.00
	35703	77596.00
	36513	5622.00
	36516	3748.00
	36518	1874.00
	36803	2067.00
	36806	1104.00
	36808	265.00
	37103	11345.00
	37106	5575.00
	37108	1954.00
	37703	60392.00
	37706	69086.00
	37708	95369.00
	38003	41580.00
	38006	27720.00
	38008	13860.00
	38303	254451.00
	38306	113534.00
	38308	21231.00
COST CENTRE TOTALS: 2537920


COST CENTRE: D240
	30053	2148496.00
	31013	121147.00
	32013	196977.00
	33023	221118.00
	35703	48221.00
	36513	11243.00
	36516	3448.00
	36803	4040.00
	36806	812.00
	37103	24612.00
	37106	3890.00
	37703	236552.00
	37706	44755.00
	38003	83160.00
	38006	27720.00
	38303	526839.00
	38306	78008.00
	38841	3528.00
COST CENTRE TOTALS: 3784566


COST CENTRE: D260
	30053	635451.00
	31013	130260.00
	33023	68642.00
	35703	22015.00
	36513	3748.00
	36516	1724.00
	36803	1410.00
	36806	330.00
	37103	6824.00
	37106	1717.00
	37703	22378.00
	37706	28237.00
	38003	27720.00
	38006	13860.00
	38303	155821.00
	38306	31941.00
COST CENTRE TOTALS: 1152078


COST CENTRE: D781
	30053	272947.00
	30203	347432.00
	31013	325538.00
	33023	83004.00
	36513	3748.00
	36516	3748.00
	36803	1362.00
	36806	820.00
	37103	7201.00
	37106	4340.00
	37703	74945.00
	37706	81698.00
	38003	27720.00
	38006	27720.00
	38303	147222.00
	38306	79826.00
COST CENTRE TOTALS: 1489271


COST CENTRE: D820
	30053	1139074.00
	33023	102111.00
	35703	29819.00
	36513	5622.00
	36803	2116.00
	37103	13093.00
	37703	134266.00
	38003	41580.00
	38303	279316.00
COST CENTRE TOTALS: 1746997


COST CENTRE: D821
	30053	8778258.00
	30203	3030864.00
	31013	639403.00
	31203	199219.00
	32013	325760.00
	33023	1097953.00
	35703	560474.00
	36513	58090.00
	36516	13117.00
	36803	21348.00
	36806	4118.00
	37103	128352.00
	37106	21407.00
	37703	1162825.00
	37706	330931.00
	38003	429660.00
	38006	97020.00
	38303	2262652.00
	38306	337757.00
COST CENTRE TOTALS: 19499208


COST CENTRE: D860
	30053	1224418.00
	33023	100136.00
	35703	75102.00
	36513	5622.00
	36803	2116.00
	37103	13847.00
	37703	111716.00
	38003	41580.00
	38303	203086.00
COST CENTRE TOTALS: 1777623


COST CENTRE: D880
	30053	2252992.00
	30203	1200000.00
	30206	168000.00
	30212	120000.00
	31013	477865.00
	33023	244657.00
	35703	103418.00
	36513	13117.00
	36516	3540.00
	36803	4766.00
	36806	1035.00
	37103	28175.00
	37106	5296.00
	37703	266578.00
	37706	22378.00
	38003	97020.00
	38006	27720.00
	38303	552057.00
	38306	117179.00
	38843	3528.00
	39017	60000.00
	39023	80000.00
COST CENTRE TOTALS: 5849321


COST CENTRE: E010
	30053	2265506.00
	30203	1985325.00
	30208	296000.00
	31013	2266879.00
	33023	404755.00
	35703	120092.00
	36513	7495.00
	36516	20174.00
	36803	2821.00
	36806	5299.00
	37103	25785.00
	37106	27621.00
	37703	198551.00
	37706	352346.00
	38003	54180.00
	38006	152460.00
	38303	551299.00
	38306	555868.00
	38841	10710.00
	38847	4410.00
	39017	235000.00
	39026	26500.00
COST CENTRE TOTALS: 9569076


COST CENTRE: E011
	39017	50000.00
	39023	15000.00
COST CENTRE TOTALS: 65000


COST CENTRE: E220
	30053	2954368.00
	31013	199120.00
	32013	403125.00
	33023	317292.00
	35703	94503.00
	36513	16865.00
	36516	1874.00
	36518	5319.00
	36803	6064.00
	36806	506.00
	36808	1077.00
	37103	32521.00
	37106	2587.00
	37108	5848.00
	37703	182927.00
	37706	46708.00
	37708	140125.00
	38003	124740.00
	38006	13860.00
	38008	41580.00
	38303	664692.00
	38306	48827.00
	38308	98852.00
	38841	3528.00
COST CENTRE TOTALS: 5406908


COST CENTRE: E222
	30053	2229237.00
	30206	605654.00
	31013	476940.00
	31206	263331.00
	33023	313710.00
	35703	61697.00
	36513	16865.00
	36516	3748.00
	36803	6347.00
	36806	1100.00
	37103	40699.00
	37106	5248.00
	37703	359995.00
	37706	46708.00
	38003	124740.00
	38006	27720.00
	38303	750854.00
	38306	107267.00
	38841	3528.00
COST CENTRE TOTALS: 5445388


COST CENTRE: E223
	30053	600000.00
	30212	6000.00
COST CENTRE TOTALS: 606000


COST CENTRE: E240
	30053	2049358.00
	31013	371992.00
	32013	106506.00
	33023	226608.00
	35703	40589.00
	36513	13117.00
	36516	3748.00
	36518	1547.00
	36803	4378.00
	36806	922.00
	36808	279.00
	37103	23623.00
	37106	4787.00
	37108	1542.00
	37703	223776.00
	37706	80804.00
	37708	34096.00
	38003	97020.00
	38006	27720.00
	38008	13860.00
	38303	502529.00
	38306	91217.00
	38308	26117.00
	38841	2142.00
COST CENTRE TOTALS: 3948277


COST CENTRE: E242
	30053	1262458.00
	30203	53268.00
	30208	3000.00
	31013	724364.00
	33023	178107.00
	35703	69648.00
	36513	7495.00
	36516	7287.00
	36803	2602.00
	36806	1812.00
	37103	14594.00
	37106	8966.00
	37703	144031.00
	37706	119700.00
	38003	55440.00
	38006	55440.00
	38303	309571.00
	38306	177624.00
	38841	3528.00
	39017	3000.00
	39023	2500.00
	39026	5500.00
COST CENTRE TOTALS: 3209935


COST CENTRE: E255
	30203	61600.00
COST CENTRE TOTALS: 61600


COST CENTRE: E260
	30053	2209592.00
	30203	166785.00
	30206	144000.00
	30212	24840.00
	31013	130260.00
	31206	30000.00
	31212	120000.00
	33023	198999.00
	35703	51415.00
	36513	11243.00
	36516	1666.00
	36803	4230.00
	36806	340.00
	37103	25360.00
	37106	1659.00
	37703	250060.00
	37706	22378.00
	38003	83160.00
	38006	13860.00
	38303	512401.00
	38306	31941.00
	38841	3528.00
COST CENTRE TOTALS: 4037717


COST CENTRE: E263
	30053	2334223.00
	31013	313439.00
	32013	262640.00
	33023	255514.00
	35703	141644.00
	36513	11243.00
	36516	5363.00
	36518	1547.00
	36803	4231.00
	36806	1098.00
	36808	354.00
	37103	26178.00
	37106	5438.00
	37108	1540.00
	37703	208152.00
	37706	69086.00
	38003	83160.00
	38006	41580.00
	38008	13860.00
	38303	557672.00
	38306	106727.00
	38308	34535.00
	38841	3528.00
COST CENTRE TOTALS: 4482752


COST CENTRE: E278
	30053	912110.00
	31013	1015338.00
	33023	163501.00
	35703	33652.00
	36513	1874.00
	36516	11243.00
	36803	705.00
	36806	3260.00
	37103	7247.00
	37106	16433.00
	37706	243306.00
	38003	13860.00
	38006	83160.00
	38303	91000.00
	38306	324504.00
COST CENTRE TOTALS: 2921193


COST CENTRE: E280
	30053	3312218.00
	30203	376463.00
	30206	318613.00
	31013	467491.00
	31206	263331.00
	32013	319981.00
	33023	421957.00
	35703	202836.00
	36513	18739.00
	36516	8896.00
	36803	7052.00
	36806	2627.00
	37103	47326.00
	37106	13648.00
	37703	476591.00
	37706	253684.00
	38003	138600.00
	38006	69300.00
	38303	829369.00
	38306	239071.00
	38841	3528.00
COST CENTRE TOTALS: 7791321


COST CENTRE: E283
	30203	86190.00
	31206	400000.00
COST CENTRE TOTALS: 486190


COST CENTRE: E286
	30053	2691391.00
	30203	55646.00
	30206	261913.00
	31013	397011.00
	32013	151425.00
	33023	298073.00
	35703	75454.00
	36513	14991.00
	36516	3748.00
	36518	1874.00
	36803	5586.00
	36806	972.00
	36808	406.00
	37103	34358.00
	37106	4919.00
	37108	1992.00
	37703	385384.00
	37706	69086.00
	37708	34096.00
	38003	110880.00
	38006	27720.00
	38008	13860.00
	38303	680865.00
	38306	97352.00
	38308	37131.00
COST CENTRE TOTALS: 5456133


COST CENTRE: E303
	30053	6837515.00
	30203	346666.00
	30206	604529.00
	31013	1884973.00
	32013	1140737.00
	33023	927372.00
	35703	442396.00
	36513	39351.00
	36516	21731.00
	36518	5622.00
	36803	14666.00
	36806	6130.00
	36808	1367.00
	37103	87417.00
	37106	30650.00
	37108	7105.00
	37703	691833.00
	37706	384489.00
	37708	171209.00
	38003	291060.00
	38006	166320.00
	38008	41580.00
	38303	1626325.00
	38306	609406.00
	38308	122521.00
COST CENTRE TOTALS: 16502970


COST CENTRE: E308
	30203	313000.00
COST CENTRE TOTALS: 313000


COST CENTRE: E312
	30053	3388018.00
	30206	1035901.00
	31013	411036.00
	32013	174113.00
	33023	428734.00
	35703	129543.00
	36513	22486.00
	36516	3748.00
	36518	1874.00
	36803	8424.00
	36806	1017.00
	36808	452.00
	37103	50418.00
	37106	4995.00
	37108	2280.00
	37703	454049.00
	37706	61790.00
	37708	40849.00
	38003	166320.00
	38006	27720.00
	38008	13860.00
	38303	972200.00
	38306	85610.00
	38308	42695.00
COST CENTRE TOTALS: 7528132


COST CENTRE: E313
	30203	156000.00
	30208	480000.00
	39017	180000.00
	39026	60000.00
COST CENTRE TOTALS: 876000


COST CENTRE: E314
	30053	564939.00
	33023	50644.00
	36513	3748.00
	36803	1344.00
	37103	6896.00
	37703	99275.00
	38003	27720.00
	38303	138530.00
COST CENTRE TOTALS: 893096


COST CENTRE: E340
	30053	313624.00
	33023	23032.00
	36513	1874.00
	36803	705.00
	37103	3486.00
	37703	22378.00
	38003	13860.00
	38303	63001.00
COST CENTRE TOTALS: 441960


COST CENTRE: E372
	30206	347605.00
	33023	31161.00
	36513	1874.00
	36803	705.00
	37103	4123.00
	37703	52567.00
	38003	13860.00
	38303	85237.00
COST CENTRE TOTALS: 537132


COST CENTRE: E380
	30053	4165809.00
	30203	585416.00
	30206	56000.00
	31013	1118036.00
	31206	386750.00
	32013	408794.00
	33023	506453.00
	35703	180249.00
	36513	22486.00
	36516	12738.00
	36518	1580.00
	36803	8323.00
	36806	3353.00
	36808	321.00
	37103	52083.00
	37106	17076.00
	37108	1574.00
	37703	474235.00
	37706	216061.00
	37708	22378.00
	38003	166320.00
	38006	97020.00
	38008	13860.00
	38303	866662.00
	38306	318282.00
	38308	29868.00
	39017	16538.00
	39026	11025.00
COST CENTRE TOTALS: 9759290


COST CENTRE: E397
	30053	1535459.00
	30203	40000.00
	30206	240000.00
	30212	160000.00
	31013	608172.00
	33023	182767.00
	35703	29819.00
	36513	7495.00
	36516	5622.00
	36803	2821.00
	36806	1590.00
	37103	17271.00
	37106	7986.00
	37703	131418.00
	37706	121653.00
	38003	55440.00
	38006	41580.00
	38303	386864.00
	38306	149132.00
COST CENTRE TOTALS: 3725089


COST CENTRE: E401
	30053	6318799.00
	30203	308016.00
	31013	623382.00
	32013	114506.00
	33023	631135.00
	35703	179241.00
	36513	31856.00
	36516	5622.00
	36518	1872.00
	36803	11989.00
	36806	1537.00
	36808	320.00
	37103	75314.00
	37106	7545.00
	37108	1866.00
	37703	667582.00
	37706	91027.00
	37708	58426.00
	38003	235620.00
	38006	41580.00
	38008	13860.00
	38303	1410678.00
	38306	135497.00
	38308	28078.00
	38841	3528.00
COST CENTRE TOTALS: 10998876


COST CENTRE: E402
	30203	219962.00
COST CENTRE TOTALS: 219962


COST CENTRE: E411
	30053	302827.00
	33023	27147.00
	36513	1874.00
	36803	705.00
	37103	3678.00
	37703	52567.00
	38003	13860.00
	38303	74257.00
COST CENTRE TOTALS: 476915


COST CENTRE: F010
	30053	1882129.00
	30203	120000.00
	31013	2482659.00
	32013	245480.00
	33023	399007.00
	35703	153241.00
	36513	5622.00
	36516	21944.00
	36518	3748.00
	36803	2116.00
	36806	5827.00
	36808	670.00
	37103	21288.00
	37106	30453.00
	37108	3965.00
	37703	134266.00
	37706	409374.00
	37708	124501.00
	38003	40320.00
	38006	166320.00
	38008	27720.00
	38303	427459.00
	38306	592113.00
	38308	60195.00
	38841	3528.00
	38843	14238.00
COST CENTRE TOTALS: 7378183


COST CENTRE: F011
	30203	50000.00
	31013	282400.00
	33023	25315.00
	35703	18987.00
	36516	3546.00
	36806	730.00
	37106	3535.00
	37706	44755.00
	38006	27720.00
	38306	69248.00
COST CENTRE TOTALS: 526236


COST CENTRE: F012
	30053	605973.00
	31013	185194.00
	33023	70442.00
	35703	40381.00
	36513	1874.00
	36516	1874.00
	36803	705.00
	36806	474.00
	37103	6635.00
	37106	2448.00
	37703	22378.00
	37706	46708.00
	38003	13860.00
	38006	13860.00
	38303	147276.00
	38306	45412.00
COST CENTRE TOTALS: 1205494


COST CENTRE: F018
	30203	484155.00
COST CENTRE TOTALS: 484155


COST CENTRE: F040
	30053	7492041.00
	30203	1840000.00
	31013	130974.00
	33023	683360.00
	35703	340293.00
	36513	41225.00
	36516	1874.00
	36803	15437.00
	36806	344.00
	37103	85356.00
	37106	2026.00
	37703	759049.00
	37706	58426.00
	38003	304920.00
	38006	13860.00
	38303	1837146.00
	38306	32117.00
COST CENTRE TOTALS: 13638448


COST CENTRE: F060
	30053	7900000.00
	30203	1500000.00
	30206	289966.00
	31013	764662.00
	32013	114506.00
	33023	773581.00
	35703	398135.00
	36513	43099.00
	36516	5622.00
	36518	1507.00
	36803	16116.00
	36806	1707.00
	36808	304.00
	37103	93038.00
	37106	9533.00
	37108	1502.00
	37703	691404.00
	37706	164455.00
	37708	22378.00
	38003	318780.00
	38006	41580.00
	38008	13860.00
	38303	1877882.00
	38306	183621.00
	38308	28078.00
	38843	2142.00
COST CENTRE TOTALS: 15257458


COST CENTRE: F080
	30053	3061592.00
	30203	570000.00
	30206	483464.00
	31013	138552.00
	33023	329769.00
	35703	166516.00
	36513	18739.00
	36516	1874.00
	36803	6849.00
	36806	349.00
	37103	41390.00
	37106	1988.00
	37703	454469.00
	37706	46708.00
	38003	138600.00
	38006	13860.00
	38303	868076.00
	38306	33975.00
	38841	3528.00
COST CENTRE TOTALS: 6380298


COST CENTRE: F100
	30053	1549936.00
	30203	350000.00
	30206	327436.00
	31013	212599.00
	33023	178005.00
	35703	54603.00
	36513	11243.00
	36516	1874.00
	36803	4090.00
	36806	426.00
	37103	23576.00
	37106	2076.00
	37703	227682.00
	37706	22378.00
	38003	83160.00
	38006	13860.00
	38303	355779.00
	38306	42230.00
COST CENTRE TOTALS: 3460953


COST CENTRE: F124
	30053	549146.00
	30203	473330.00
	33023	44870.00
	35703	33652.00
	36513	1874.00
	36803	705.00
	37103	6444.00
	37703	81782.00
	38003	13860.00
	38303	91000.00
	38841	2142.00
COST CENTRE TOTALS: 1298805


COST CENTRE: F138
	30053	4032.00
	30206	381656.00
	33023	34213.00
	36513	1874.00
	36516	1874.00
	36803	602.00
	36806	413.00
	37103	2757.00
	37106	2206.00
	37703	22378.00
	37706	40849.00
	38003	13860.00
	38006	13860.00
	38303	52713.00
	38306	40874.00
	38841	9450.00
COST CENTRE TOTALS: 623611


COST CENTRE: F164
	31013	150629.00
	33023	13503.00
	36516	1874.00
	36806	501.00
	37106	2493.00
	37706	40849.00
	38006	13860.00
	38306	36936.00
COST CENTRE TOTALS: 260645


COST CENTRE: F180
	30053	6253334.00
	30203	770878.00
	30206	1382793.00
	31013	1011344.00
	31203	617400.00
	33023	735064.00
	35703	266005.00
	36513	39351.00
	36516	11015.00
	36803	14749.00
	36806	2509.00
	37103	87772.00
	37106	12959.00
	37703	704017.00
	37706	206363.00
	38003	291060.00
	38006	83160.00
	38303	1582676.00
	38306	247995.00
	38841	3528.00
COST CENTRE TOTALS: 14323972


COST CENTRE: G010
	31013	501549.00
	33023	44961.00
	35703	11706.00
	36516	3748.00
	36806	1136.00
	37106	6708.00
	37706	105134.00
	38006	27720.00
	38306	122986.00
COST CENTRE TOTALS: 825648


COST CENTRE: G013
	31013	174113.00
	33023	15608.00
	35703	11706.00
	36516	1874.00
	36806	430.00
	37106	2212.00
	37706	34096.00
	38006	13860.00
	38306	42695.00
COST CENTRE TOTALS: 296594


COST CENTRE: H010
	30053	3668282.00
	30206	500530.00
	31013	1018149.00
	33023	458924.00
	35703	97896.00
	36513	18739.00
	36516	11243.00
	36803	6824.00
	36806	3253.00
	37103	40041.00
	37106	18723.00
	37703	203393.00
	37706	274390.00
	38003	124740.00
	38006	83160.00
	38303	796585.00
	38306	372400.00
	38843	3024.00
COST CENTRE TOTALS: 7700296


COST CENTRE: J010
	30053	897571.00
	31013	1158436.00
	33023	172007.00
	35703	104848.00
	36513	1874.00
	36516	9369.00
	36803	705.00
	36806	2742.00
	37103	9822.00
	37106	13150.00
	37703	42353.00
	37706	119062.00
	38003	12600.00
	38006	69300.00
	38303	150630.00
	38306	220998.00
	38841	10710.00
COST CENTRE TOTALS: 2996177


COST CENTRE: J030
	30053	2254834.00
	30206	1206000.00
	31013	559642.00
	31203	441582.00
	32013	803291.00
	33023	353924.00
	35703	104800.00
	36513	13117.00
	36516	11243.00
	36803	4756.00
	36806	3850.00
	37103	29621.00
	37106	19268.00
	37703	294004.00
	37706	246637.00
	38003	97020.00
	38006	83160.00
	38303	581102.00
	38306	336567.00
	39017	70000.00
COST CENTRE TOTALS: 7514418


COST CENTRE: J032
	30206	300294.00
	33023	21837.00
	36513	1874.00
	36803	705.00
	37103	3412.00
	37703	28237.00
	38003	13860.00
	38303	59733.00
COST CENTRE TOTALS: 429952


COST CENTRE: J050
	30053	2948614.00
	31013	238606.00
	32013	1298081.00
	33023	382650.00
	35703	187438.00
	36513	13117.00
	36516	14946.00
	36803	4835.00
	36806	4416.00
	37103	30624.00
	37106	21503.00
	37703	329624.00
	37706	249930.00
	38003	97020.00
	38006	110880.00
	38303	586210.00
	38306	374597.00
COST CENTRE TOTALS: 6893091


COST CENTRE: J090
	30053	1669127.00
	31013	130260.00
	33023	148453.00
	35703	81873.00
	36513	7495.00
	36516	1874.00
	36803	2821.00
	36806	330.00
	37103	19108.00
	37106	2020.00
	37703	221269.00
	37706	58426.00
	38003	55440.00
	38006	13860.00
	38303	318965.00
	38306	31941.00
COST CENTRE TOTALS: 2763262


COST CENTRE: J092
	30053	5531507.00
	33023	461829.00
	35703	272349.00
	36513	28108.00
	36803	10430.00
	37103	61879.00
	37703	476965.00
	38003	207900.00
	38303	965911.00
COST CENTRE TOTALS: 8016878


COST CENTRE: K010
	30053	607777.00
	31013	2600000.00
	31203	130260.00
	32013	150629.00
	33023	79021.00
	35703	50508.00
	36513	1874.00
	36516	1724.00
	36518	1874.00
	36803	705.00
	36806	330.00
	36808	395.00
	37103	6890.00
	37106	1717.00
	37108	2105.00
	37706	28237.00
	37708	46708.00
	38003	13860.00
	38006	13860.00
	38008	13860.00
	38303	147276.00
	38306	31941.00
	38308	36936.00
	38841	3528.00
COST CENTRE TOTALS: 3972015


COST CENTRE: L010
	30053	935213.00
	31013	1163460.00
	33023	187491.00
	35703	90277.00
	36513	3748.00
	36516	9369.00
	36803	1410.00
	36806	2800.00
	37103	10651.00
	37106	13911.00
	37703	81698.00
	37706	160549.00
	38003	27720.00
	38006	69300.00
	38303	227568.00
	38306	285296.00
	38841	3528.00
	38843	3528.00
COST CENTRE TOTALS: 3277517


COST CENTRE: RE70
	31013	184175.00
	33023	16510.00
	36516	1874.00
	36806	453.00
	37106	2195.00
	37706	22378.00
	38006	13860.00
	38306	45162.00
COST CENTRE TOTALS: 286607


COST CENTRE: RE92
	31013	265647.00
	33023	24468.00
	36516	1874.00
	36806	658.00
	37106	3979.00
	37706	22378.00
	38006	13860.00
	38306	89118.00
COST CENTRE TOTALS: 421982


COST CENTRE: RP07
	31013	179125.00
	33023	14359.00
	35703	10769.00
	36516	1874.00
	36806	442.00
	37106	2448.00
	37706	52567.00
	38006	13860.00
	38306	39277.00
COST CENTRE TOTALS: 314721


COST CENTRE: RW31
	31206	1204200.00
COST CENTRE TOTALS: 1204200


COST CENTRE: RZ40
	31206	120000.00
COST CENTRE TOTALS: 120000


COST CENTRE: X073
	30203	263441.00
	31203	172216.00
	33023	37392.00
	35703	16465.00
	36516	3748.00
	36806	1096.00
	37106	5727.00
	37706	102992.00
	38006	27720.00
	38306	86753.00
COST CENTRE TOTALS: 717550


